0111111100000000000000000
0110111100000000000100000
0101111100000000001000000
0100111100000000001100000
0011111100000000010000000
0010111100000000000000000
0001111100000000000000000
0000111100000000000000000
0111111100000000000000001
0110111100000000000000001
0101111100000000000000001
0100111100000000000000001
0011111100000000000000001
0010111100000000010100001
0001111100000000011000001
0000111100000000011100001
1100000001000000000100010
0111000100100000000000011
0110001101000000000000011
0101010101100000000000011
0100011110000000000000011
0011100110100000000000011
0010101111000000000000011
0001110111100000000000011
0000111111110000000000011
0111000000010010000000100
0110000000110100000000100
0101000001010110000000100
0100000001111000000000100
0011000010011010000000100
0010000010111100000000100
0001000011011110000000100
0000000011111111000000100
1100000010001000001100101
0111000100100011010000110
0110010101100111100000110
0101100110101011110000110
0100110111101111111100110
0011111111101101110000110
0010101110101001100000110
0001011101100101010000110
0000001100100001000000110
1100000100001100011000111
0001000100100011010001000
0000110011011110111101000
1100000011000000100001000
0111000000000000000001001
0110000000000000000001001
0101000000000000000001001
0100000000000000000001001
0011000000000000000001001
0010000000000000000001001
0001011111111111111101001
0000111111111111111101001
0111000000000000000001010
0110000000000000000001010
0101000000000000000001010
0100000000000000000001010
0011000000000000000001010
0010000000000000000001010
0001000000000000000001010
0000011111111111111101010
1000001010010100100101011
1100000000000000000000000
